timestamp,ax,ay,az,gx,gy,gz,mx,my,mz,label,subject_id
0,-9.39485,-0.02873,1.41497,-6.0976,-1.1585,1.0976,-16.42,23.21,29.91,6,S02
20,-9.40921,-0.00958,1.46765,-6.3415,-1.4024,1.0366,-16.42,23.21,29.91,6,S02
40,-9.42118,-0.00718,1.47722,-6.1585,-1.7683,0.9756,-16.42,23.21,29.91,6,S02
60,-9.42358,-0.02155,1.45807,-5.6098,-1.7073,0.9756,-16.33,23.12,29.82,6,S02
80,-9.39724,-0.05986,1.45089,-5.1220,-1.7073,0.9756,-16.33,23.12,29.82,6,S02
100,-9.40203,-0.05267,1.47004,-4.9390,-1.8293,0.9146,-16.33,23.12,29.82,6,S02
120,-9.41161,-0.01676,1.47004,-4.8780,-2.0122,0.7927,-16.33,23.12,29.82,6,S02
140,-9.41400,0.03831,1.45567,-5.0610,-2.1951,0.6707,-16.33,23.12,29.91,6,S02
160,-9.40442,0.04310,1.45807,-5.2439,-2.3171,0.6707,-16.33,23.12,29.91,6,S02
180,-9.39245,0.00000,1.46286,-5.0000,-2.1951,0.8537,-16.33,23.12,29.91,6,S02
200,-9.39245,-0.02155,1.46286,-4.6951,-1.9512,0.9146,-16.33,23.03,29.91,6,S02
220,-9.39485,-0.01676,1.44370,-4.6951,-1.8902,0.7927,-16.33,23.03,29.91,6,S02
240,-9.38527,-0.00958,1.46046,-4.8171,-1.8902,0.6707,-16.33,23.03,29.91,6,S02
260,-9.40203,-0.01197,1.47483,-4.8780,-1.8902,0.5488,-16.15,23.12,29.91,6,S02
280,-9.40203,-0.03352,1.50116,-4.5122,-2.0122,0.4878,-16.15,23.12,29.91,6,S02
300,-9.40203,-0.04070,1.47722,-4.2683,-2.0122,0.4878,-16.15,23.12,29.91,6,S02
320,-9.39485,-0.03352,1.46525,-4.3902,-1.9512,0.3659,-16.15,23.12,29.91,6,S02
340,-9.37569,-0.03112,1.46765,-4.5732,-2.0732,0.3049,-16.15,22.94,30.00,6,S02
360,-9.35654,-0.05746,1.43413,-4.3902,-2.0122,0.3659,-16.15,22.94,30.00,6,S02
380,-9.36133,-0.10534,1.43413,-3.6585,-1.4634,0.5488,-16.15,22.94,30.00,6,S02
400,-9.35654,-0.06943,1.41976,-2.8049,-1.0366,0.7317,-16.33,22.94,29.91,6,S02
420,-9.36372,-0.04788,1.40061,-2.5610,-0.8537,0.6707,-16.33,22.94,29.91,6,S02
440,-9.24401,-0.07661,1.38864,-1.9512,-0.3659,0.6098,-16.33,22.94,29.91,6,S02
460,-9.01656,-0.13408,1.37906,-0.7317,0.4268,0.6707,-16.42,23.12,29.72,6,S02
480,-8.84897,-0.17238,1.43652,0.6098,0.9756,1.4024,-16.42,23.12,29.72,6,S02
500,-9.08121,-0.19154,1.65918,1.7073,1.6463,2.1341,-16.42,23.12,29.72,6,S02
520,-9.52174,-0.31125,1.81002,2.8049,2.1951,1.5854,-16.42,23.12,29.72,6,S02
540,-9.66539,-0.50757,1.82917,5.1829,4.5122,-0.4268,-16.79,23.30,29.36,6,S02
560,-9.50498,-0.63686,1.88903,8.5366,7.1951,-2.8659,-16.79,23.30,29.36,6,S02
580,-9.31344,-0.70150,2.04944,11.7073,6.5854,-3.9634,-16.79,23.30,29.36,6,S02
600,-9.18895,-0.61292,2.05662,15.0000,4.2073,-3.7805,-17.52,23.76,28.53,6,S02
620,-9.15782,-0.39025,1.97282,17.0122,4.4512,-2.9878,-17.52,23.76,28.53,6,S02
640,-9.23204,-0.17478,1.98479,17.3780,5.8537,-2.3171,-17.52,23.76,28.53,6,S02
660,-9.26077,-0.06943,2.01352,17.5610,5.7317,-1.5854,-18.35,23.94,27.80,6,S02
680,-9.27993,0.06225,2.01113,17.4390,5.1220,-0.8537,-18.35,23.94,27.80,6,S02
700,-9.33978,0.10534,1.95606,16.2805,4.5732,-0.4268,-18.35,23.94,27.80,6,S02
720,-9.32063,0.04549,1.92015,15.1829,4.0244,-0.6707,-18.35,23.94,27.80,6,S02
740,-9.32542,0.02873,1.93930,14.3293,3.7805,-1.1585,-19.27,24.40,27.34,6,S02
760,-9.27514,0.08619,1.96803,13.2317,3.4146,-1.4634,-19.27,24.40,27.34,6,S02
780,-9.18655,0.02394,1.97761,12.5000,3.2317,-1.8902,-19.27,24.40,27.34,6,S02
800,-9.21528,-0.01676,2.06380,12.5000,3.4756,-2.4390,-20.18,24.77,26.79,6,S02
820,-9.18655,-0.01915,2.13084,12.4390,3.0488,-2.6829,-20.18,24.77,26.79,6,S02
840,-9.11712,0.02634,2.10690,11.9512,2.8659,-2.8659,-20.18,24.77,26.79,6,S02
860,-9.11951,0.07183,2.01352,11.0976,3.4756,-3.1098,-20.92,25.60,26.51,6,S02
880,-9.16979,0.07183,1.95606,10.1220,4.2683,-3.2317,-20.92,25.60,26.51,6,S02
900,-9.27274,0.10534,2.03747,9.1463,3.9634,-3.1098,-20.92,25.60,26.51,6,S02
920,-9.35415,0.11971,2.31040,7.9878,1.7073,-2.5000,-20.92,25.60,26.51,6,S02
940,-9.31105,0.16999,2.47082,6.8293,-1.1585,-1.0976,-21.74,25.87,26.33,6,S02
960,-8.96150,0.01197,2.37505,7.0122,-1.6463,0.2439,-21.74,25.87,26.33,6,S02
980,-8.81784,-0.14844,2.21464,9.0244,1.5244,-0.7927,-21.74,25.87,26.33,6,S02
1000,-8.91122,-0.16999,1.86987,11.7683,5.5488,-3.4146,-22.57,27.06,25.78,6,S02
1020,-8.95192,-0.07901,1.53947,13.8415,10.0610,-4.8780,-22.57,27.06,25.78,6,S02
1040,-9.03572,0.07901,1.38624,15.2439,14.2683,-4.9390,-22.57,27.06,25.78,6,S02
1060,-9.10994,0.06943,1.28808,17.9878,16.0366,-3.1098,-23.85,28.17,24.68,6,S02
1080,-9.22007,0.00000,0.96486,22.0732,16.0976,-1.0976,-23.85,28.17,24.68,6,S02
1100,-9.24162,0.02873,0.80445,24.2683,15.7317,0.0000,-23.85,28.17,24.68,6,S02
1120,-8.71011,0.40941,0.51954,23.7805,12.3171,-2.0122,-23.85,28.17,24.68,6,S02
1140,-8.58800,0.56743,0.63686,22.2561,11.8293,-4.1463,-25.14,29.08,23.58,6,S02
1160,-8.48266,0.62968,0.99120,18.4756,6.8902,-8.0488,-25.14,29.08,23.58,6,S02
1180,-8.35098,0.72784,1.42216,13.6585,0.6707,-13.7805,-25.14,29.08,23.58,6,S02
1200,-8.67898,0.71347,1.62806,10.1220,0.7927,-18.3537,-25.32,30.28,23.21,6,S02
1220,-9.06924,0.49560,2.12126,13.0488,6.9512,-18.7195,-25.32,30.28,23.21,6,S02
1240,-9.22007,0.47166,2.37505,19.3902,8.9024,-15.6707,-25.32,30.28,23.21,6,S02
1260,-9.10754,0.45969,1.90100,23.9634,9.2073,-10.5488,-25.78,31.56,21.93,6,S02
1280,-8.66222,0.39025,1.50835,27.1951,12.7439,-5.0610,-25.78,31.56,21.93,6,S02
1300,-8.35098,0.40223,1.30005,30.9756,17.6220,-2.4390,-25.78,31.56,21.93,6,S02
1320,-8.23127,0.60094,1.20189,35.0610,22.8049,-3.0488,-25.78,31.56,21.93,6,S02
1340,-8.15465,1.02232,0.82361,36.2195,21.5854,-5.1829,-26.97,32.94,19.72,6,S02
1360,-7.78594,1.58975,0.70150,31.7073,18.9634,-5.8537,-26.97,32.94,19.72,6,S02
1380,-7.29034,1.78368,0.78530,27.1341,20.7317,-5.4878,-26.97,32.94,19.72,6,S02
1400,-7.10360,1.13725,1.20428,25.3659,24.0244,-5.9756,-27.71,34.22,17.80,6,S02
1420,-7.22331,0.22745,1.54665,27.7439,23.7805,-7.4390,-27.71,34.22,17.80,6,S02
1440,-7.07247,-0.07901,1.15879,33.3537,22.9878,-7.5000,-27.71,34.22,17.80,6,S02
1460,-6.46195,0.37350,1.18752,39.5732,29.2073,-5.4878,-28.35,35.60,14.40,6,S02
1480,-6.30872,0.63925,1.90339,45.4268,32.5610,-5.7317,-28.35,35.60,14.40,6,S02
1500,-6.60800,0.91459,2.24337,54.6341,30.3659,-6.5244,-28.35,35.60,14.40,6,S02
1520,-6.68461,1.63524,2.84192,58.0488,27.6829,-7.8049,-28.35,35.60,14.40,6,S02
1540,-6.52659,2.29365,3.30879,56.2805,25.3659,-12.0122,-29.17,36.70,9.91,6,S02
1560,-6.33985,2.34632,3.56736,56.8293,24.5122,-21.1585,-29.17,36.70,9.91,6,S02
1580,-6.07409,2.95684,3.50032,57.1341,22.8659,-32.7439,-29.17,36.70,9.91,6,S02
1600,-6.39252,4.50110,3.62961,51.8902,24.5732,-40.0000,-28.90,38.62,5.14,6,S02
1620,-7.80749,5.87298,4.02944,51.8902,30.2439,-34.9390,-28.90,38.62,5.14,6,S02
1640,-8.47547,6.29196,3.98635,53.5366,30.4268,-20.9756,-28.90,38.62,5.14,6,S02
1660,-7.98706,6.16986,2.88980,53.3537,22.1341,-9.8171,-30.09,38.90,0.46,6,S02
1680,-6.62236,6.00466,-0.07901,60.0610,9.6341,-9.8171,-30.09,38.90,0.46,6,S02
1700,-6.41646,4.93924,-1.97522,58.9634,-2.0732,-17.3780,-30.09,38.90,0.46,6,S02
1720,-4.11803,2.14042,-3.71101,55.8537,-12.1341,-13.6585,-30.09,38.90,0.46,6,S02
1740,-0.91937,-0.86431,-3.47399,46.8902,-20.1220,-17.6829,-30.92,38.35,-0.64,6,S02
1760,-0.45011,-2.01831,-3.57215,37.8049,-40.9756,-30.5488,-30.92,38.35,-0.64,6,S02
1780,-0.91219,-1.98000,-3.99353,14.0244,-59.5122,-36.2195,-30.92,38.35,-0.64,6,S02
1800,-0.92177,-2.71742,-4.28562,-15.6098,-64.7561,-33.4756,-30.28,35.60,7.34,6,S02
1820,-2.06380,-8.99741,-6.53856,-24.2683,-68.9024,-27.8049,-30.28,35.60,7.34,6,S02
1840,-19.29248,-6.28239,-18.00679,-34.9390,-35.6707,-48.0488,-30.28,35.60,7.34,6,S02
1860,-43.22013,-14.85363,11.94946,-171.0366,-16.5854,31.4024,-29.27,28.17,16.97,6,S02
1880,-31.24912,-24.47592,-0.93853,-47.6829,-98.1098,162.1342,-29.27,28.17,16.97,6,S02
1900,-16.32367,-10.76433,-3.81875,-2.0122,-82.0732,205.0610,-29.27,28.17,16.97,6,S02
1920,-16.69477,4.39815,-1.73580,-22.6829,-29.6341,92.0732,-29.27,28.17,16.97,6,S02
1940,-18.49042,1.56102,-0.50518,-63.7805,11.0976,1.0976,-27.98,26.42,20.28,6,S02
1960,-15.68681,-4.35505,3.60806,-93.9634,18.6585,-9.8171,-27.98,26.42,20.28,6,S02
1980,-13.88398,-6.09564,4.15873,-99.5732,-23.1707,-17.0732,-27.98,26.42,20.28,6,S02
2000,-15.04756,-4.62560,3.77805,-85.4268,-37.3171,-17.6829,-23.03,25.69,25.32,6,S02
2020,-14.70040,-3.46920,3.03106,-57.7439,-36.8902,-17.4390,-23.03,25.69,25.32,6,S02
2040,-12.87362,-3.74453,3.14359,-13.7805,-22.1341,-22.9878,-23.03,25.69,25.32,6,S02
2060,-9.56244,-4.35026,3.73017,24.7561,-8.9024,-26.4634,-22.20,26.61,24.50,6,S02
2080,-5.00388,-4.55377,4.01747,48.4146,-6.5244,-17.1341,-22.20,26.61,24.50,6,S02
2100,-1.59454,-3.39498,3.04064,58.9634,-10.4268,-4.0854,-22.20,26.61,24.50,6,S02
2120,-0.71108,-1.19231,-1.06542,53.9634,-14.2683,6.2195,-22.20,26.61,24.50,6,S02
2140,-3.26090,-0.34716,-2.85149,36.5244,-3.7195,21.8902,-22.48,26.88,22.29,6,S02
2160,-9.36851,-0.07422,2.07098,-2.0732,-9.1463,31.8902,-22.48,26.88,22.29,6,S02
2180,-13.63977,-2.37984,-0.10774,4.6341,-42.1951,41.2195,-22.48,26.88,22.29,6,S02
2200,-11.96383,-4.72137,-3.97198,31.7683,-38.2927,46.8293,-21.74,24.86,23.30,6,S02
2220,-8.95431,-3.32076,-3.98156,41.2195,-8.8415,31.8293,-21.74,24.86,23.30,6,S02
2240,-8.35816,0.31603,-3.89297,45.3659,20.7927,17.0732,-21.74,24.86,23.30,6,S02
2260,-9.56484,2.10211,-3.89297,39.0854,42.3780,8.0488,-22.02,25.78,21.10,6,S02
2280,-10.39802,1.48440,-1.85790,28.5976,49.3293,1.8902,-22.02,25.78,21.10,6,S02
2300,-8.89685,0.84276,-0.91698,20.2439,34.8780,4.9390,-22.02,25.78,21.10,6,S02
2320,-5.93044,-0.26576,-0.91937,22.0732,20.1829,13.4756,-22.02,25.78,21.10,6,S02
2340,-4.52983,-1.45089,-1.17795,27.7439,12.6220,11.0976,-22.75,25.41,20.09,6,S02
2360,-5.39653,-1.29526,-1.44849,32.1341,10.7927,-5.3049,-22.75,25.41,20.09,6,S02
2380,-5.72454,0.31603,0.15802,33.1098,11.2805,-14.1463,-22.75,25.41,20.09,6,S02
2400,-5.80833,0.66080,1.35272,24.3293,1.8902,-7.3780,-22.29,25.14,18.62,6,S02
2420,-9.70609,-0.49560,3.18429,28.2317,-19.8780,-6.9512,-22.29,25.14,18.62,6,S02
2440,-10.36450,-1.75016,0.30646,33.3537,-54.8171,-23.4756,-22.29,25.14,18.62,6,S02
2460,-7.63511,-2.03028,-1.29287,33.6585,-52.5610,-25.8537,-21.38,24.50,19.36,6,S02
2480,-8.42759,-0.88825,-2.49476,24.3902,-37.4390,-33.0488,-21.38,24.50,19.36,6,S02
2500,-11.30303,-1.08697,-0.99599,10.7317,-10.9756,-31.0976,-21.38,24.50,19.36,6,S02
2520,-11.25993,-2.72939,0.28730,9.5122,-2.0732,-22.5610,-21.38,24.50,19.36,6,S02
2540,-10.10114,-3.83312,0.92416,14.8780,-5.0000,-23.9634,-20.18,24.50,18.99,6,S02
2560,-10.24239,-3.21781,1.06303,27.8659,-7.1951,-32.0732,-20.18,24.50,18.99,6,S02
2580,-11.46344,-1.10612,0.32801,32.4390,-9.4512,-35.7927,-20.18,24.50,18.99,6,S02
2600,-12.38521,0.26097,0.18914,18.9634,-6.8902,-29.2683,-19.72,24.40,18.26,6,S02
2620,-11.37485,-1.59693,0.71347,5.0610,-7.2561,-16.4024,-19.72,24.40,18.26,6,S02
2640,-10.06522,-4.42209,0.90022,2.7439,-11.5854,-12.5610,-19.72,24.40,18.26,6,S02
2660,-10.13226,-4.56095,0.95768,7.8659,-12.3171,-23.5976,-18.72,24.50,18.17,6,S02
2680,-10.83855,-2.44687,0.87149,14.0854,-11.7683,-32.3171,-18.72,24.50,18.17,6,S02
2700,-11.29824,-0.81882,1.09894,14.0244,-12.5610,-28.9024,-18.72,24.50,18.17,6,S02
2720,-10.77391,-1.81959,1.23780,13.3537,-12.6829,-17.9878,-18.72,24.50,18.17,6,S02
2740,-9.92397,-3.47638,1.70946,16.8902,-11.5854,-10.3049,-18.53,24.13,18.07,6,S02
2760,-9.60075,-3.40934,1.54426,21.7683,-11.3415,-10.7927,-18.53,24.13,18.07,6,S02
2780,-10.38605,-1.62327,1.25696,22.8049,-9.5122,-11.4024,-18.53,24.13,18.07,6,S02
2800,-10.10114,-1.23541,1.19471,17.8049,-5.1829,-0.8537,-18.90,23.49,17.89,6,S02
2820,-9.29429,-2.29843,1.39343,10.9146,1.2805,8.9024,-18.90,23.49,17.89,6,S02
2840,-9.27993,-2.84671,1.57060,3.3537,5.1220,8.4146,-18.90,23.49,17.89,6,S02
2860,-9.66300,-2.38941,1.98719,-0.9756,5.1220,5.6707,-18.99,22.94,17.61,6,S02
2880,-10.09395,-1.49638,2.31759,-5.6098,3.1707,10.7317,-18.99,22.94,17.61,6,S02
2900,-10.08677,-1.26174,1.95606,-13.6585,2.0122,19.6951,-18.99,22.94,17.61,6,S02
2920,-10.31183,-1.64003,1.98240,-21.2805,6.7683,25.6707,-18.99,22.94,17.61,6,S02
2940,-10.47942,-1.80283,1.60412,-27.8049,7.1951,29.3293,-19.36,22.20,17.89,6,S02
2960,-10.66138,-1.53708,1.18992,-34.3902,6.8902,34.3293,-19.36,22.20,17.89,6,S02
2980,-10.65899,-1.24020,1.01035,-41.2195,12.7439,41.7683,-19.36,22.20,17.89,6,S02
3000,-10.40759,-1.17795,0.89543,-46.7683,23.8415,47.4390,-19.91,21.65,18.62,6,S02
3020,-10.69729,-0.97205,0.60813,-49.0244,30.3659,45.0000,-19.91,21.65,18.62,6,S02
3040,-10.68293,-0.62249,0.31364,-44.6951,20.6098,37.0732,-19.91,21.65,18.62,6,S02
3060,-10.31422,-0.35434,0.33758,-37.4390,6.0366,32.0122,-19.91,21.28,19.63,6,S02
3080,-10.28788,-0.13408,0.58179,-32.3171,0.4878,29.4512,-19.91,21.28,19.63,6,S02
3100,-10.26394,-0.09337,0.64643,-29.5122,0.2439,27.0122,-19.91,21.28,19.63,6,S02
3120,-10.42914,0.03352,0.71347,-28.4146,2.5000,24.4512,-19.91,21.28,19.63,6,S02
3140,-10.68293,0.05746,0.76614,-28.1707,2.3780,20.5488,-19.91,20.92,20.18,6,S02
3160,-10.92714,-0.20351,0.89304,-24.6951,-1.3415,14.2683,-19.91,20.92,20.18,6,S02
3180,-10.88404,-0.33040,0.96486,-18.8415,-6.5854,8.7805,-19.91,20.92,20.18,6,S02
3200,-10.67096,-0.21308,1.02232,-13.9024,-11.5854,4.6341,-19.82,20.83,20.83,6,S02
3220,-10.42675,0.00000,0.90022,-10.1829,-14.8780,1.5854,-19.82,20.83,20.83,6,S02
3240,-10.29028,0.14365,0.74220,-7.3171,-15.2439,-0.1829,-19.82,20.83,20.83,6,S02
3260,-10.39562,0.30646,0.65122,-5.4268,-14.0854,-0.5488,-19.72,20.64,20.92,6,S02
3280,-10.72363,0.57221,0.61292,-4.3902,-12.6220,0.4268,-19.72,20.64,20.92,6,S02
3300,-11.17374,0.72305,0.55545,-4.2683,-9.9390,-0.1220,-19.72,20.64,20.92,6,S02
3320,-11.89200,0.44772,0.75178,-0.6707,-3.8415,-2.1341,-19.72,20.64,20.92,6,S02
3340,-12.72518,0.14844,0.87628,3.7805,2.2561,-3.2927,-20.00,20.92,20.55,6,S02
3360,-13.79300,0.40941,0.66559,1.3415,2.6220,-5.0000,-20.00,20.92,20.55,6,S02
3380,-14.83687,0.88346,0.88585,-6.0366,-1.5244,-8.2927,-20.00,20.92,20.55,6,S02
3400,-14.85842,0.74939,0.94810,-2.2561,-3.3537,-10.5488,-19.82,21.47,19.91,6,S02
3420,-13.93904,0.13647,1.01993,8.6585,0.3659,-9.2683,-19.82,21.47,19.91,6,S02
3440,-13.20402,-0.23463,0.97923,16.4634,6.8902,-7.0732,-19.82,21.47,19.91,6,S02
3460,-12.87123,0.16520,0.95768,18.0488,13.1098,-7.3780,-20.37,22.57,18.17,6,S02
3480,-12.09311,0.50518,1.24977,20.0610,16.6463,-8.1707,-20.37,22.57,18.17,6,S02
3500,-11.20008,0.14126,1.38624,26.5854,19.6951,-9.0244,-20.37,22.57,18.17,6,S02
3520,-10.91038,-0.30406,1.67834,31.4634,25.1829,-12.4390,-20.37,22.57,18.17,6,S02
3540,-11.15219,-0.50039,1.86029,33.4756,34.6951,-13.7805,-20.92,24.40,15.87,6,S02
3560,-11.17134,-0.62010,1.84114,35.4878,43.5976,-9.6341,-20.92,24.40,15.87,6,S02
3580,-10.80024,-0.82361,1.79326,37.3780,46.8902,-5.0000,-20.92,24.40,15.87,6,S02
3600,-10.50576,-0.81163,1.44370,41.8293,44.5732,-5.7927,-21.65,26.15,13.12,6,S02
3620,-10.36689,-0.54109,0.96965,48.1098,39.5122,-9.7561,-21.65,26.15,13.12,6,S02
3640,-10.33098,-0.42377,0.77572,54.5122,33.5976,-12.5610,-21.65,26.15,13.12,6,S02
3660,-10.04846,-0.62968,0.70629,60.8537,27.0122,-13.2927,-22.02,27.80,10.92,6,S02
3680,-9.84017,-0.73981,0.66798,67.6220,23.1707,-14.1463,-22.02,27.80,10.92,6,S02
3700,-9.66060,-0.77812,0.44293,75.6707,21.0366,-14.5122,-22.02,27.80,10.92,6,S02
3720,-9.44752,-0.74460,0.38547,83.4146,17.9268,-14.7561,-22.02,27.80,10.92,6,S02
3740,-9.25598,-0.77572,0.23463,89.2683,13.7195,-15.2439,-22.57,28.90,8.44,6,S02
3760,-8.88249,-1.02951,-0.17957,102.0732,9.9390,-17.1341,-22.57,28.90,8.44,6,S02
3780,-8.53533,-0.81163,-0.61292,104.2073,8.1707,-19.2073,-22.57,28.90,8.44,6,S02
3800,-8.41323,-0.66319,-0.69432,102.3781,7.7439,-18.5366,-23.12,30.28,6.33,6,S02
3820,-8.63589,-0.56743,-0.60573,100.8537,9.0854,-16.2805,-23.12,30.28,6.33,6,S02
3840,-8.77954,-0.68235,-0.78290,100.9756,10.4268,-14.4512,-23.12,30.28,6.33,6,S02
3860,-8.63589,-0.96726,-1.01035,102.0732,9.5122,-13.1707,-22.84,31.93,4.31,6,S02
3880,-8.60237,-0.98162,-0.93374,102.8659,4.8171,-12.5000,-22.84,31.93,4.31,6,S02
3900,-7.88171,-1.40540,-0.69192,107.7439,1.8902,-9.8780,-22.84,31.93,4.31,6,S02
3920,-7.03416,-1.83635,-0.43814,120.8537,3.5976,-8.2317,-22.84,31.93,4.31,6,S02
3940,-5.83467,-2.28886,-0.38307,133.0488,3.2317,-9.5732,-21.56,33.12,0.73,6,S02
3960,-5.22175,-2.35589,-0.15323,136.8293,2.9268,-10.0000,-21.56,33.12,0.73,6,S02
3980,-5.53539,-2.24097,-0.86910,133.9634,1.5244,-11.7073,-21.56,33.12,0.73,6,S02
4000,-6.71095,-2.51631,0.67995,126.0976,10.1829,-14.1463,-19.27,34.04,-3.85,6,S02
4020,-6.86178,-3.62003,1.83875,118.5976,4.8780,-8.4756,-19.27,34.04,-3.85,6,S02
4040,-5.89931,-3.63679,0.68474,106.8902,-9.8171,-0.4268,-19.27,34.04,-3.85,6,S02
4060,-5.80833,-2.53546,0.29688,93.2927,-3.8415,0.6707,-18.35,34.31,-6.51,6,S02
4080,-6.66067,-1.63045,0.82839,90.7317,6.0976,0.3049,-18.35,34.31,-6.51,6,S02
4100,-7.12275,-1.81480,1.50835,96.2805,0.6707,2.6220,-18.35,34.31,-6.51,6,S02
4120,-6.94079,-2.80840,1.67115,100.9756,-11.2805,5.8537,-18.35,34.31,-6.51,6,S02
4140,-6.99825,-3.20584,1.43173,101.9512,-18.0488,6.7073,-17.43,34.31,-9.17,6,S02
4160,-7.25922,-2.81319,1.07260,98.5976,-17.5610,6.4634,-17.43,34.31,-9.17,6,S02
4180,-7.66384,-2.66235,1.52271,95.0610,-13.4756,8.7195,-17.43,34.31,-9.17,6,S02
4200,-8.11395,-2.88980,1.77410,98.2317,-13.6585,13.1707,-16.70,33.94,-11.47,6,S02
4220,-8.13550,-3.13162,1.38624,103.1098,-15.1829,18.9024,-16.70,33.94,-11.47,6,S02
4240,-8.03494,-3.11486,1.14203,102.8049,-9.6951,21.3415,-16.70,33.94,-11.47,6,S02
4260,-8.49942,-2.90417,1.20189,97.0732,-3.7805,21.3415,-15.87,33.49,-14.04,6,S02
4280,-8.79869,-2.94966,1.34794,89.0854,-4.0244,22.1341,-15.87,33.49,-14.04,6,S02
4300,-8.49942,-4.04141,1.64242,85.6707,-5.8537,23.1098,-15.87,33.49,-14.04,6,S02
4320,-8.44196,-5.19542,2.01113,86.8293,-4.0244,19.6951,-15.87,33.49,-14.04,6,S02
4340,-8.90883,-5.24091,1.85311,87.9878,-1.1585,11.8902,-14.40,33.21,-16.61,6,S02
4360,-9.02375,-4.34787,1.31202,86.4024,0.1829,2.4390,-14.40,33.21,-16.61,6,S02
4380,-10.16099,-3.26569,0.54109,81.1585,-0.7317,-4.3902,-14.40,33.21,-16.61,6,S02
4400,-11.42274,-2.39181,0.52194,74.8171,-1.7073,-13.1098,-11.38,33.30,-19.08,6,S02
4420,-10.69490,-1.82438,2.41575,66.0976,-9.2073,-30.4878,-11.38,33.30,-19.08,6,S02
4440,-10.05325,-1.62806,1.75016,53.1098,-32.3780,-45.1220,-11.38,33.30,-19.08,6,S02
4460,-10.24958,-1.55863,-0.23703,45.3049,-34.5122,-40.6098,-7.06,35.05,-19.63,6,S02
4480,-11.57596,-0.41899,0.11732,39.6341,-13.8415,-27.6829,-7.06,35.05,-19.63,6,S02
4500,-12.51689,1.10133,0.62010,45.3659,-5.2439,-11.4024,-7.06,35.05,-19.63,6,S02
4520,-12.03805,1.64482,0.65601,61.0366,-8.8415,2.6220,-7.06,35.05,-19.63,6,S02
4540,-11.23838,1.15401,0.68714,77.8659,-10.5488,7.8049,-4.59,34.86,-21.01,6,S02
4560,-10.26394,0.62728,0.27533,93.7195,-11.5244,8.5976,-4.59,34.86,-21.01,6,S02
4580,-9.62230,0.90980,0.17238,98.1707,-11.0976,7.8659,-4.59,34.86,-21.01,6,S02
4600,-9.15064,1.50356,0.16281,95.3049,-10.7927,8.5976,-1.10,34.77,-21.93,6,S02
4620,-8.64067,1.67834,0.17478,94.3902,-8.4756,9.9390,-1.10,34.77,-21.93,6,S02
4640,-8.03494,1.04627,0.32082,95.1220,-7.0732,10.1829,-1.10,34.77,-21.93,6,S02
4660,-7.82425,0.52912,0.23703,95.1220,-7.8659,8.1098,2.11,34.77,-22.29,6,S02
4680,-7.64469,0.66559,-0.09816,89.1463,-6.7683,5.8537,2.11,34.77,-22.29,6,S02
4700,-7.68539,0.61770,-0.21548,82.2561,-3.4756,3.9024,2.11,34.77,-22.29,6,S02
4720,-7.82904,0.22984,-0.15083,80.3659,1.1585,1.2195,2.11,34.77,-22.29,6,S02
4740,-8.46350,0.05028,0.20111,78.4756,5.3659,-1.4634,5.41,34.40,-22.75,6,S02
4760,-9.09078,0.14605,0.56264,76.7683,8.9634,-1.7683,5.41,34.40,-22.75,6,S02
4780,-9.42597,0.56743,0.80445,74.2073,9.8171,-0.3659,5.41,34.40,-22.75,6,S02
4800,-9.74679,1.03908,1.08218,70.5488,9.2073,1.4024,8.07,34.13,-22.94,6,S02
4820,-9.79707,1.07500,1.28569,68.8415,8.2317,4.0244,8.07,34.13,-22.94,6,S02
4840,-9.63666,0.93374,1.49159,68.5976,6.7073,6.3415,8.07,34.13,-22.94,6,S02
4860,-9.54808,0.91937,1.60172,67.0732,5.1829,6.8902,10.28,33.67,-22.75,6,S02
4880,-9.52653,0.97444,1.61130,64.0854,5.7927,6.4024,10.28,33.67,-22.75,6,S02
4900,-9.35654,0.89543,1.69270,61.4634,6.5244,5.5488,10.28,33.67,-22.75,6,S02
4920,-9.38048,0.59376,1.70707,60.4878,4.8171,2.8049,10.28,33.67,-22.75,6,S02
4940,-9.61033,0.67516,2.03028,58.9024,2.6829,-1.8293,12.84,33.49,-22.29,6,S02
4960,-9.71567,1.18513,2.12126,53.9634,-2.1341,-4.7561,12.84,33.49,-22.29,6,S02
4980,-9.36372,1.57778,1.85072,47.1341,-7.0732,-4.3293,12.84,33.49,-22.29,6,S02
5000,-8.69335,1.34794,1.82678,40.3659,-8.4756,-3.4756,14.77,33.58,-21.47,6,S02
5020,-8.18338,0.63207,2.12366,35.3659,-8.3537,-5.4268,14.77,33.58,-21.47,6,S02
5040,-8.32943,0.04310,2.53546,34.8171,-6.3415,-9.2683,14.77,33.58,-21.47,6,S02
5060,-8.64786,-0.38547,3.08613,38.1707,-4.5122,-11.5244,17.25,33.21,-20.55,6,S02
5080,-8.64546,-0.87388,3.72538,48.4146,-4.6341,-9.5732,17.25,33.21,-20.55,6,S02
5100,-8.65743,-0.75657,4.07733,51.1585,-3.1707,-8.0488,17.25,33.21,-20.55,6,S02
5120,-8.86333,-0.74939,4.01029,55.0610,-1.4024,-8.2317,17.25,33.21,-20.55,6,S02
5140,-9.48583,-0.25618,1.67355,56.2195,7.8049,-12.3171,19.91,32.66,-19.27,6,S02
5160,-12.09790,0.91459,0.04788,47.9878,28.2927,-20.5488,19.91,32.66,-19.27,6,S02
5180,-13.72117,-0.77093,0.24900,53.5976,42.0122,-24.2683,19.91,32.66,-19.27,6,S02
5200,-12.68209,-3.45962,-2.71502,64.4512,43.1707,-23.7805,22.94,30.64,-19.72,6,S02
5220,-12.24874,-2.64799,-6.10761,64.6341,56.9512,-29.3293,22.94,30.64,-19.72,6,S02
5240,-12.45703,0.06704,-9.50498,60.1829,70.0610,-34.5732,22.94,30.64,-19.72,6,S02
5260,-13.51287,2.87065,-8.92798,45.0610,90.4878,-33.1707,25.41,26.97,-22.29,6,S02
5280,-13.14656,3.43807,-5.98072,22.1951,99.2073,-21.2195,25.41,26.97,-22.29,6,S02
5300,-12.30141,1.90100,-3.43807,-7.6220,77.9878,-16.1585,25.41,26.97,-22.29,6,S02
5320,-12.13860,-1.12527,-0.68235,-25.3049,47.3781,-21.0366,25.41,26.97,-22.29,6,S02
5340,-11.47062,-2.86107,0.64404,-13.5976,21.2195,-28.4756,25.41,25.14,-24.13,6,S02
5360,-9.48343,-2.99993,0.39504,8.4756,11.3415,-26.8902,25.41,25.14,-24.13,6,S02
5380,-7.87932,-1.53468,-0.27294,17.9878,4.5122,-24.6951,25.41,25.14,-24.13,6,S02
5400,-7.45315,1.00317,-0.26336,8.2927,-6.2805,-28.2927,27.16,24.59,-23.30,6,S02
5420,-6.96713,1.90339,0.61531,-11.2805,-17.0732,-29.1463,27.16,24.59,-23.30,6,S02
5440,-6.30633,1.24738,0.78051,-25.5488,-27.1341,-26.4024,27.16,24.59,-23.30,6,S02
5460,-6.46434,0.36871,-0.12450,-34.7561,-31.5244,-21.0976,26.88,24.95,-23.03,6,S02
5480,-7.45554,-0.72065,-0.54348,-42.0732,-26.6463,-11.7073,26.88,24.95,-23.03,6,S02
5500,-7.79313,-1.41497,-0.91459,-53.7805,-30.3659,-0.3659,26.88,24.95,-23.03,6,S02
5520,-6.84742,-1.66876,-1.41018,-64.2683,-47.5610,9.0854,26.88,24.95,-23.03,6,S02
5540,-5.42287,-1.42934,-1.94170,-65.3049,-62.4390,12.1341,24.50,27.16,-22.48,6,S02
5560,-4.47955,-1.08218,-1.68073,-60.1220,-62.1951,8.0488,24.50,27.16,-22.48,6,S02
5580,-4.52025,-1.09894,-1.02472,-49.7561,-55.9756,4.0244,24.50,27.16,-22.48,6,S02
5600,-5.37738,-1.61369,-0.56503,-37.3780,-50.5488,6.6463,23.39,28.62,-21.47,6,S02
5620,-6.50983,-1.81720,-0.46687,-29.2683,-36.9512,15.4878,23.39,28.62,-21.47,6,S02
5640,-6.78756,-1.69270,-1.13725,-27.8049,-41.2195,23.4756,23.39,28.62,-21.47,6,S02
5660,-6.75883,-1.59214,-1.42216,-28.6585,-49.7561,24.3293,21.74,30.55,-20.00,6,S02
5680,-6.67025,-2.22661,-1.22344,-25.0610,-47.7439,22.1951,21.74,30.55,-20.00,6,S02
5700,-6.92882,-2.54504,-1.61609,-16.3415,-38.3537,21.7683,21.74,30.55,-20.00,6,S02
5720,-7.98466,-1.28090,-1.20668,-15.3659,-30.5488,21.2195,21.74,30.55,-20.00,6,S02
5740,-9.72525,-0.68714,-0.19872,-25.6098,-29.4512,20.3049,20.18,31.65,-18.90,6,S02
5760,-12.32296,-0.97205,1.47243,-30.3049,-30.5488,14.8171,20.18,31.65,-18.90,6,S02
5780,-11.88961,0.16041,0.28012,-24.5122,-33.6585,14.7561,20.18,31.65,-18.90,6,S02
5800,-10.57040,2.55701,-0.77333,-35.6098,-23.1098,24.0244,17.80,32.39,-18.62,6,S02
5820,-14.81771,4.32393,3.02627,-64.7561,-2.5610,27.1951,17.80,32.39,-18.62,6,S02
5840,-18.78730,3.40695,3.20584,-59.1463,24.5732,13.9634,17.80,32.39,-18.62,6,S02
5860,-15.69160,-0.19393,3.72298,-17.9878,24.2073,4.2683,17.06,31.93,-19.08,6,S02
5880,-11.94707,-0.30646,3.96719,-16.8902,-19.2683,2.1341,17.06,31.93,-19.08,6,S02
5900,-9.28950,1.72143,3.65834,-30.0610,-16.0976,8.5366,17.06,31.93,-19.08,6,S02
5920,-9.24162,2.73657,2.55461,-39.4512,5.8537,10.0000,17.06,31.93,-19.08,6,S02
5940,-9.05966,1.08936,1.93691,-32.1951,34.3293,14.1463,15.69,31.38,-20.73,6,S02
5960,-8.96629,-0.63207,1.81959,-15.1220,50.4268,16.7683,15.69,31.38,-20.73,6,S02
5980,-9.36133,-0.46687,1.84114,-0.7927,42.0122,11.2805,15.69,31.38,-20.73,6,S02
6000,-9.00938,0.58897,1.57778,5.3659,26.2805,5.7317,15.96,30.64,-21.65,6,S02
6020,-7.84580,1.37188,1.17795,2.5610,21.2195,3.1707,15.96,30.64,-21.65,6,S02
6040,-7.77876,1.86029,1.23780,-6.0366,29.2073,1.5854,15.96,30.64,-21.65,6,S02
6060,-8.87052,1.97282,1.43173,-16.0366,32.9268,1.7683,15.32,29.63,-23.12,6,S02
6080,-9.47864,1.55863,1.39582,-21.5854,26.0976,5.2439,15.32,29.63,-23.12,6,S02
6100,-9.44991,1.09176,1.54905,-25.1220,15.6098,6.1585,15.32,29.63,-23.12,6,S02
6120,-8.97826,0.87149,1.54426,-26.7683,6.4024,2.2561,15.32,29.63,-23.12,6,S02
6140,-8.47787,0.85234,1.45328,-25.8537,4.8780,-1.0366,14.68,29.36,-23.49,6,S02
6160,-9.00459,1.23541,1.69988,-26.7073,6.4024,-2.5000,14.68,29.36,-23.49,6,S02
6180,-10.22085,1.36470,1.81241,-29.2073,3.7805,-2.5610,14.68,29.36,-23.49,6,S02
6200,-10.75475,0.83797,2.12366,-26.5854,0.0000,-1.9512,14.31,29.17,-23.67,6,S02
6220,-10.28549,0.61292,1.98719,-17.1341,-1.5854,-1.2805,14.31,29.17,-23.67,6,S02
6240,-9.76595,1.75016,0.33519,-15.1220,1.4634,0.1220,14.31,29.17,-23.67,6,S02
6260,-10.85770,3.33512,0.26336,-30.7317,13.9024,0.7317,13.58,28.17,-24.86,6,S02
6280,-13.26388,2.53067,2.09014,-41.9512,22.1951,1.4024,13.58,28.17,-24.86,6,S02
6300,-14.96855,0.49081,1.60651,-36.0366,20.4268,5.6707,13.58,28.17,-24.86,6,S02
6320,-14.19043,-1.16598,1.43652,-25.0610,27.0122,10.7927,13.58,28.17,-24.86,6,S02
6340,-12.54562,-0.39504,0.10534,-14.5732,25.2439,4.1463,13.30,27.16,-25.78,6,S02
6360,-11.88242,1.11809,-0.43814,-9.2683,20.1220,-9.2073,13.30,27.16,-25.78,6,S02
6380,-11.62146,1.41976,-0.94332,-11.7683,13.2317,-17.4390,13.30,27.16,-25.78,6,S02
6400,-10.45069,-0.71347,-1.37667,-16.2195,5.7317,-25.0610,14.40,26.42,-26.33,6,S02
6420,-9.67258,-1.45567,-1.22823,-15.7317,1.1585,-30.3659,14.40,26.42,-26.33,6,S02
6440,-9.00938,-1.48440,-1.06542,-17.8659,-4.0244,-33.2317,14.40,26.42,-26.33,6,S02
6460,-8.76996,-1.09176,-0.67995,-21.1585,-8.2927,-33.7805,15.60,26.24,-26.70,6,S02
6480,-8.90404,-0.81403,-0.46687,-26.0976,-12.8659,-33.6585,15.60,26.24,-26.70,6,S02
6500,-9.15543,-1.08457,-0.48363,-31.9512,-15.3049,-33.1098,15.60,26.24,-26.70,6,S02
6520,-8.86812,-1.61609,-0.41180,-34.5732,-15.1220,-33.2317,15.60,26.24,-26.70,6,S02
6540,-8.61194,-1.71185,-0.28252,-36.4024,-17.4390,-33.6585,15.78,25.96,-26.79,6,S02
6560,-8.48745,-1.02951,-0.20830,-42.8659,-20.3659,-33.6585,15.78,25.96,-26.79,6,S02
6580,-8.61913,-0.58658,-0.25379,-50.6098,-22.0732,-32.2561,15.78,25.96,-26.79,6,S02
6600,-8.51857,-0.98881,-0.33279,-56.8902,-22.0732,-30.8537,15.32,25.87,-26.88,6,S02
6620,-8.46350,-1.50835,-0.08619,-64.1463,-23.2317,-31.7683,15.32,25.87,-26.88,6,S02
6640,-8.77475,-1.67115,0.25618,-72.6829,-29.4512,-30.9756,15.32,25.87,-26.88,6,S02
6660,-9.08600,-1.38624,0.63686,-79.4512,-36.7073,-24.5122,13.49,26.15,-26.79,6,S02
6680,-9.08360,-1.25217,0.95289,-85.1220,-44.3293,-15.9756,13.49,26.15,-26.79,6,S02
6700,-8.36774,-1.49398,0.83797,-89.8171,-49.4512,-11.8293,13.49,26.15,-26.79,6,S02
6720,-7.59441,-1.89621,0.53391,-91.1585,-50.9756,-12.3780,13.49,26.15,-26.79,6,S02
6740,-7.65666,-1.81241,0.60813,-88.5366,-47.6220,-14.5732,10.92,27.06,-26.79,6,S02
6760,-7.88411,-1.68312,0.92656,-88.3537,-44.4512,-12.0122,10.92,27.06,-26.79,6,S02
6780,-7.53455,-1.66876,0.51715,-89.6951,-44.4512,-8.0488,10.92,27.06,-26.79,6,S02
6800,-7.44118,-1.58496,0.00718,-94.5732,-42.0732,-6.3415,8.44,27.43,-27.25,6,S02
6820,-7.97030,-1.80523,0.21069,-96.8902,-41.0366,-5.1829,8.44,27.43,-27.25,6,S02
6840,-8.27915,-2.24576,1.10612,-95.9146,-48.6585,-0.4878,8.44,27.43,-27.25,6,S02
6860,-7.86974,-2.69587,1.67834,-94.2683,-55.6707,7.3171,5.69,28.99,-25.23,6,S02
6880,-7.42681,-2.71502,1.51792,-91.1585,-55.6707,12.7439,5.69,28.99,-25.23,6,S02
6900,-7.38372,-2.43011,1.12527,-90.1220,-47.7439,15.9756,5.69,28.99,-25.23,6,S02
6920,-8.08522,-2.39420,1.93930,-92.7439,-40.7927,18.6585,5.69,28.99,-25.23,6,S02
6940,-8.77475,-2.59531,3.01909,-93.5976,-43.0488,20.4268,2.57,30.28,-23.21,6,S02
6960,-8.39886,-3.19865,2.74136,-89.1463,-44.8171,22.9878,2.57,30.28,-23.21,6,S02
6980,-8.82982,-3.59130,2.02549,-81.8293,-33.2317,23.9024,2.57,30.28,-23.21,6,S02
7000,-10.72842,-3.16513,1.94888,-85.1220,-16.8293,22.2561,0.00,30.73,-22.39,6,S02
7020,-12.96700,-3.09570,3.15316,-95.8537,-8.5366,21.0366,0.00,30.73,-22.39,6,S02
7040,-13.78581,-4.36702,3.35907,-95.0610,-5.4268,20.9146,0.00,30.73,-22.39,6,S02
7060,-14.81053,-4.96797,2.29365,-82.2561,6.3415,18.1707,-2.57,30.37,-21.65,6,S02
7080,-16.41465,-3.34231,0.79487,-85.1829,14.6341,15.9146,-2.57,30.37,-21.65,6,S02
7100,-15.81849,-1.21865,-0.02873,-100.2439,16.2805,17.9878,-2.57,30.37,-21.65,6,S02
7120,-13.23036,-1.48680,-0.79248,-113.4146,13.2927,23.1098,-2.57,30.37,-21.65,6,S02
7140,-10.83376,-2.88741,-0.48123,-115.7927,10.9146,26.7073,-6.61,30.28,-20.55,6,S02
7160,-9.49301,-3.37582,0.31843,-104.8781,10.3049,27.6220,-6.61,30.28,-20.55,6,S02
7180,-8.62870,-3.08134,0.55785,-84.8171,11.1585,32.0122,-6.61,30.28,-20.55,6,S02
7200,-8.16183,-1.65679,0.11732,-71.2805,15.6707,35.9146,-9.82,30.18,-19.82,6,S02
7220,-8.24803,-0.08380,-0.02394,-73.4146,19.5122,38.9634,-9.82,30.18,-19.82,6,S02
7240,-8.79151,1.01754,-0.32561,-84.4512,16.1585,37.5610,-9.82,30.18,-19.82,6,S02
7260,-9.59357,1.34554,-0.73263,-99.3293,10.4878,32.0122,-13.39,30.00,-17.98,6,S02
7280,-9.71567,0.73741,-0.83797,-112.9878,3.4146,28.3537,-13.39,30.00,-17.98,6,S02
7300,-9.69652,0.15083,-0.79727,-120.1829,-6.7683,28.1707,-13.39,30.00,-17.98,6,S02
7320,-9.59357,-0.22266,-0.68714,-120.4878,-11.7073,30.3659,-13.39,30.00,-17.98,6,S02
7340,-9.47386,-0.27294,-0.42377,-118.4146,-10.0610,30.0610,-17.52,30.73,-14.40,6,S02
7360,-9.27514,-0.20111,-0.28491,-116.9512,-7.4390,28.2927,-17.52,30.73,-14.40,6,S02
7380,-8.76517,-0.28252,-0.05986,-115.1829,-5.5488,27.6829,-17.52,30.73,-14.40,6,S02
7400,-8.28394,-0.26097,0.19393,-115.4878,-4.6951,27.3780,-21.83,29.91,-10.73,6,S02
7420,-7.98706,0.01676,0.12929,-117.3781,-1.4024,26.0366,-21.83,29.91,-10.73,6,S02
7440,-7.94157,0.31603,0.11732,-119.8171,4.8780,25.4878,-21.83,29.91,-10.73,6,S02
7460,-7.99903,0.62010,0.24900,-123.3537,8.7195,23.4146,-24.86,28.99,-8.07,6,S02
7480,-8.00860,0.69432,0.45250,-128.4146,5.8537,20.2439,-24.86,28.99,-8.07,6,S02
7500,-7.88650,0.61292,0.37350,-131.8902,1.8293,16.9512,-24.86,28.99,-8.07,6,S02
7520,-7.82186,0.60813,0.13886,-133.7195,0.3049,13.3537,-24.86,28.99,-8.07,6,S02
7540,-7.76918,0.69432,-0.10534,-134.8780,-0.9146,11.5854,-26.97,28.90,-3.94,6,S02
7560,-7.62553,0.61531,-0.30646,-134.5732,-3.1098,10.9756,-26.97,28.90,-3.94,6,S02
7580,-7.74524,0.39744,-0.13168,-132.4390,-5.1220,9.3902,-26.97,28.90,-3.94,6,S02
7600,-8.09719,0.39744,0.04549,-128.7805,-6.5854,6.4024,-27.89,28.99,0.00,6,S02
7620,-8.25760,0.11971,-0.10056,-121.5854,-6.7073,3.5366,-27.89,28.99,0.00,6,S02
7640,-8.19056,-0.13647,-0.17238,-110.0000,-6.4024,-0.4878,-27.89,28.99,0.00,6,S02
7660,-8.19775,-0.11013,-0.26097,-100.8537,-9.8780,-5.9756,-27.34,29.45,3.03,6,S02
7680,-8.55927,0.45969,-0.57461,-95.6707,-13.4146,-10.6707,-27.34,29.45,3.03,6,S02
7700,-9.20092,1.33596,-1.35751,-95.8537,-12.9878,-10.9146,-27.34,29.45,3.03,6,S02
7720,-9.68933,0.84755,-1.20907,-104.6951,-5.6707,4.3293,-27.34,29.45,3.03,6,S02
7740,-9.83538,-0.15802,-0.23224,-101.3415,-9.8171,9.8780,-26.79,29.54,6.70,6,S02
7760,-9.96946,-0.34477,-0.12450,-97.3781,-16.5854,13.7195,-26.79,29.54,6.70,6,S02
7780,-9.24880,-0.43096,-0.52194,-94.3902,-13.7195,17.9268,-26.79,29.54,6.70,6,S02
7800,-8.66940,-0.39504,-0.67756,-88.2927,-4.0854,17.8049,-26.70,28.99,9.91,6,S02
7820,-8.53772,-0.15323,-1.01514,-84.6341,0.4268,14.4512,-26.70,28.99,9.91,6,S02
7840,-8.47308,-0.02394,-1.11809,-84.4512,8.4756,12.3171,-26.70,28.99,9.91,6,S02
7860,-8.53054,-0.34955,-0.55785,-80.9756,18.5366,11.3415,-26.06,28.90,11.93,6,S02
7880,-8.99741,-0.80206,0.00958,-73.8415,18.0488,9.2683,-26.06,28.90,11.93,6,S02
7900,-9.90002,-1.17555,0.80206,-67.1951,12.3780,6.9512,-26.06,28.90,11.93,6,S02
7920,-10.39084,-1.55863,1.13485,-60.3049,1.5244,5.6098,-26.06,28.90,11.93,6,S02
7940,-10.38605,-1.61369,0.98162,-52.8659,-8.2927,2.9878,-25.50,28.72,13.76,6,S02
7960,-10.06044,-1.32160,0.52433,-48.5976,-14.1463,0.5488,-25.50,28.72,13.76,6,S02
7980,-9.77074,-1.08457,0.27054,-47.8049,-16.6463,-0.3049,-25.50,28.72,13.76,6,S02
8000,-9.76595,-1.11570,0.23463,-46.7073,-18.4146,-0.6098,-24.68,28.62,15.78,6,S02
8020,-9.68455,-1.35751,0.47884,-42.8049,-20.1220,-2.6829,-24.68,28.62,15.78,6,S02
8040,-9.52174,-1.42216,0.60094,-36.5854,-21.9512,-5.8537,-24.68,28.62,15.78,6,S02
8060,-9.18416,-1.14443,0.40941,-32.3171,-20.9756,-8.2927,-23.85,28.53,17.16,6,S02
8080,-8.86094,-0.77572,0.22984,-32.8659,-16.7683,-9.3902,-23.85,28.53,17.16,6,S02
8100,-8.93756,-0.52433,0.21069,-36.5244,-12.1341,-9.4512,-23.85,28.53,17.16,6,S02
8120,-9.32542,-0.52194,0.39025,-40.0610,-8.1707,-7.7439,-23.85,28.53,17.16,6,S02
8140,-9.56962,-0.68714,0.64883,-41.1585,-6.0976,-4.1463,-23.03,29.08,18.53,6,S02
8160,-9.73722,-0.82600,0.93134,-41.7073,-6.5244,-0.1829,-23.03,29.08,18.53,6,S02
8180,-9.80665,-0.81163,0.96965,-44.5732,-9.2073,3.2317,-23.03,29.08,18.53,6,S02
8200,-9.90242,-0.71108,0.92895,-47.7439,-12.3780,5.9756,-22.29,28.90,20.09,6,S02
8220,-9.77792,-0.75657,0.67516,-47.8049,-13.6585,8.6585,-22.29,28.90,20.09,6,S02
8240,-9.76834,-0.72305,0.73502,-47.5610,-13.1098,9.9390,-22.29,28.90,20.09,6,S02
8260,-9.83059,-0.69432,0.63686,-47.3171,-16.0366,9.3293,-21.93,28.26,21.83,6,S02
8280,-9.54329,-0.72544,0.54109,-46.6463,-18.2927,6.8293,-21.93,28.26,21.83,6,S02
8300,-9.33978,-0.62489,0.49081,-46.2195,-20.3659,4.5122,-21.93,28.26,21.83,6,S02
8320,-9.21289,-0.57700,0.31125,-46.5854,-24.3902,3.9024,-21.93,28.26,21.83,6,S02
8340,-9.27753,-0.70390,0.27533,-46.3415,-25.6707,4.8171,-21.28,27.52,24.04,6,S02
8360,-9.55047,-0.87388,0.36631,-45.1220,-24.9390,6.5244,-21.28,27.52,24.04,6,S02
8380,-9.83059,-0.98641,0.55785,-42.3780,-25.1220,8.5976,-21.28,27.52,24.04,6,S02
8400,-9.78750,-0.84276,0.49081,-38.1098,-28.7195,10.4268,-21.56,26.42,25.50,6,S02
8420,-9.46667,-0.54827,0.69432,-35.0610,-31.6463,11.5854,-21.56,26.42,25.50,6,S02
8440,-9.09557,-0.34477,0.88346,-33.3537,-34.1463,11.9512,-21.56,26.42,25.50,6,S02
8460,-9.18416,-0.25379,1.12767,-31.4024,-31.8902,10.9756,-22.57,27.43,27.89,6,S02
8480,-9.34218,-0.26576,1.31921,-29.8780,-30.3659,10.2439,-22.57,27.43,27.89,6,S02
8500,-9.03811,-0.42617,1.15879,-28.2317,-28.7805,10.4878,-22.57,27.43,27.89,6,S02
8520,-9.02614,-0.52912,1.24738,-28.2317,-21.8293,9.8171,-22.57,27.43,27.89,6,S02
8540,-9.20092,-0.54588,1.50595,-28.5976,-16.0976,8.4146,-18.72,24.86,27.71,6,S02
8560,-9.36372,-0.59137,1.74058,-26.3415,-12.1341,7.0122,-18.72,24.86,27.71,6,S02
8580,-9.37569,-0.77812,1.97522,-20.6098,-8.7805,5.5488,-18.72,24.86,27.71,6,S02
8600,-9.37569,-0.79009,2.25294,-12.6829,-8.1707,4.2073,-20.09,24.04,29.45,6,S02
8620,-9.36851,-0.74699,1.95606,-3.7805,-10.3049,3.9634,-20.09,24.04,29.45,6,S02
8640,-8.80587,-0.60573,1.62087,4.5732,-5.3659,4.3293,-20.09,24.04,29.45,6,S02
8660,-8.92798,-0.22745,1.61369,7.3171,-8.5366,0.1829,-20.73,24.22,28.53,6,S02
8680,-9.16740,0.30406,1.61848,11.6463,-7.8049,-4.4512,-20.73,24.22,28.53,6,S02
8700,-9.44513,0.72544,1.99676,10.3049,-2.6829,-5.0610,-20.73,24.22,28.53,6,S02
8720,-9.42837,0.78530,1.65439,4.8171,-5.7927,-2.0732,-20.73,24.22,28.53,6,S02
8740,-9.40682,0.55306,1.59693,0.3049,-4.5732,1.2195,-21.28,24.40,28.81,6,S02
8760,-9.27274,0.40462,1.54665,-3.2317,-4.2073,3.7805,-21.28,24.40,28.81,6,S02
8780,-9.15543,0.26815,1.37667,-6.8293,-6.0976,5.3659,-21.28,24.40,28.81,6,S02
8800,-9.08360,0.04549,1.41737,-8.4756,-5.1220,5.4268,-21.47,24.04,28.99,6,S02
8820,-9.11473,-0.06943,1.83635,-9.6341,-4.8780,4.8780,-21.47,24.04,28.99,6,S02
8840,-9.43316,0.02873,2.02789,-10.6098,-6.5854,4.3293,-21.47,24.04,28.99,6,S02
8860,-9.61511,0.06225,1.95367,-10.5488,-4.0244,4.4512,-21.56,23.85,29.08,6,S02
8880,-9.66779,-0.03591,2.03028,-10.6098,-1.3415,4.7561,-21.56,23.85,29.08,6,S02
8900,-9.41161,-0.21308,2.03028,-9.1463,-1.0366,5.4878,-21.56,23.85,29.08,6,S02
8920,-9.19613,-0.31603,2.11887,-5.1220,0.6707,5.4878,-21.56,23.85,29.08,6,S02
8940,-9.04290,-0.24660,2.20745,-1.0976,0.4878,4.3293,-22.11,24.04,29.08,6,S02
8960,-8.97107,-0.03352,2.38941,2.0732,0.2439,2.5610,-22.11,24.04,29.08,6,S02
8980,-8.99980,0.14365,2.56658,5.0610,1.8293,0.5488,-22.11,24.04,29.08,6,S02
9000,-9.04290,0.35434,2.62405,6.6463,1.8902,-1.0366,-22.66,24.40,28.44,6,S02
9020,-9.10275,0.53870,2.73418,7.2561,0.6707,-1.7683,-22.66,24.40,28.44,6,S02
9040,-9.12191,0.52912,2.82037,7.8049,-0.3659,-1.7683,-22.66,24.40,28.44,6,S02
9060,-8.92798,0.27054,2.84910,9.6951,-1.7073,-1.5854,-23.30,24.68,28.07,6,S02
9080,-8.82263,0.39504,2.85628,10.2439,-0.4268,-0.9756,-23.30,24.68,28.07,6,S02
9100,-8.77714,0.54588,2.73897,10.3659,1.4634,-0.1829,-23.30,24.68,28.07,6,S02
9120,-8.93516,0.42856,2.81798,11.4634,5.0610,0.3049,-23.30,25.50,28.07,6,S02
9140,-9.00699,0.15562,2.77967,14.5732,6.1585,0.3659,-23.85,25.50,27.52,6,S02
9160,-8.93516,0.00718,2.64799,18.2317,4.3293,-0.6098,-23.85,25.50,27.52,6,S02
9180,-8.84658,0.09577,2.59292,21.8293,2.2561,-2.3171,-23.85,25.50,27.52,6,S02
9200,-8.79630,0.30167,2.50912,25.3659,1.1585,-3.5976,-24.95,26.24,26.70,6,S02
9220,-8.84658,0.54109,2.61686,27.1341,1.3415,-3.9024,-24.95,26.24,26.70,6,S02
9240,-8.76757,0.59137,2.58334,27.5610,0.9756,-4.0854,-24.95,26.24,26.70,6,S02
9260,-8.60237,0.49799,2.49715,28.6585,0.9146,-5.6707,-26.06,27.16,25.60,6,S02
9280,-8.50899,0.38068,2.48997,30.6098,2.0732,-8.3537,-26.06,27.16,25.60,6,S02
9300,-8.46350,0.41180,2.40138,32.5610,3.5976,-10.2439,-26.06,27.16,25.60,6,S02
9320,-8.46350,0.55545,2.44927,32.8049,6.5244,-10.4268,-26.06,28.62,24.04,6,S02
9340,-8.56167,0.82121,2.68869,31.2805,8.9634,-10.0610,-26.97,28.62,24.04,6,S02
9360,-8.53533,0.96247,2.65756,29.5122,10.8537,-10.7317,-26.97,28.62,24.04,6,S02
9380,-8.31746,0.85473,2.44448,25.7317,12.8049,-12.2561,-26.97,28.62,24.04,6,S02
9400,-8.16183,0.67277,2.43730,21.9512,15.0000,-13.9024,-27.52,30.37,22.48,6,S02
9420,-8.12832,0.44532,2.42293,22.0732,16.8902,-15.2439,-27.52,30.37,22.48,6,S02
9440,-8.12353,0.39983,2.46363,22.8049,16.7073,-16.2805,-27.52,30.37,22.48,6,S02
9460,-8.22887,0.43096,2.13084,23.2927,15.4878,-17.4390,-28.07,32.39,20.73,6,S02
9480,-8.39168,0.59855,2.09732,22.3171,16.9512,-16.9512,-28.07,32.39,20.73,6,S02
9500,-8.16183,0.69671,2.08056,22.5610,17.8049,-14.3293,-28.07,32.39,20.73,6,S02
9520,-7.93917,0.74460,1.99437,24.3902,18.4756,-12.2561,-28.81,34.59,18.81,6,S02
9540,-7.80749,0.98881,1.88663,23.0488,19.9390,-11.2195,-28.81,34.59,18.81,6,S02
9560,-7.63511,1.43892,1.61609,19.5122,22.0122,-9.8171,-28.81,34.59,18.81,6,S02
9580,-7.51540,1.64960,1.86029,16.8902,25.3049,-8.9634,-28.81,34.59,18.81,6,S02
9600,-7.32147,1.41737,2.22421,17.9878,27.5000,-9.3293,-29.91,36.79,16.97,6,S02
9620,-7.11317,0.93374,2.37026,24.3902,29.3293,-11.1585,-29.91,36.79,16.97,6,S02
9640,-7.16585,1.26893,2.77727,28.6585,28.4146,-13.8415,-29.91,36.79,16.97,6,S02
9660,-6.85460,2.28646,3.45244,29.0854,23.5366,-15.1220,-31.01,37.89,14.40,6,S02
9680,-5.99508,3.30400,3.25611,30.2439,15.1829,-15.6098,-31.01,37.89,14.40,6,S02
9700,-5.03979,3.81875,2.90177,29.2683,13.9634,-18.9634,-31.01,37.89,14.40,6,S02
9720,-5.03261,3.28724,2.96163,25.7927,23.9024,-25.3049,-31.28,39.36,11.74,6,S02
9740,-5.55694,2.38941,3.31836,26.9512,33.4756,-31.2195,-31.28,39.36,11.74,6,S02
9760,-5.34865,1.57538,2.34392,39.4512,36.7073,-30.3659,-31.28,39.36,11.74,6,S02
9780,-4.46519,1.21386,0.34477,53.5976,37.8049,-24.6341,-31.28,39.36,11.74,6,S02
9800,-3.78044,-0.11253,-1.80044,70.0610,39.5122,-16.6463,-33.49,38.90,7.06,6,S02
9820,-3.04542,-1.35751,-3.78523,88.4146,37.8659,-12.1341,-33.49,38.90,7.06,6,S02
9840,-2.20985,-1.23301,-4.89854,93.0488,16.2195,-9.3293,-33.49,38.90,7.06,6,S02
9860,-1.09176,-0.47645,-4.35984,61.7073,-31.5854,-2.9878,-33.67,34.04,10.28,6,S02
9880,-0.76136,-0.54109,-3.43568,27.3780,-84.4512,-2.6829,-33.67,34.04,10.28,6,S02
9900,-2.43251,-1.90100,-3.61764,20.7317,-101.4024,-8.4756,-33.67,34.04,10.28,6,S02
9920,-8.58800,-13.77624,-5.31992,10.4268,-69.6341,-7.8049,-29.72,29.91,15.41,6,S02
9940,-35.93697,-2.38702,-3.85227,-39.5122,14.7561,2.7439,-29.72,29.91,15.41,6,S02
9960,-39.06619,-17.42021,5.48512,-38.2927,56.4634,120.4268,-29.72,29.91,15.41,6,S02
9980,-24.18862,-12.09551,-1.28808,34.6951,9.5122,173.7195,-29.72,29.91,15.41,6,S02
10000,-12.98136,-0.28730,-1.30005,34.8171,-20.3049,152.6829,-34.40,22.39,15.50,6,S02
10020,-14.88715,4.39097,1.06063,3.3537,-10.5488,34.5732,-34.40,22.39,15.50,6,S02
10040,-12.95981,2.34153,2.36547,-29.2073,-10.6707,-17.0732,-34.40,22.39,15.50,6,S02
10060,-12.85686,-0.85952,3.61764,-48.8415,1.3415,-37.0122,-28.44,26.24,18.99,6,S02
10080,-14.77462,-1.07021,3.90494,-54.8171,12.3171,-73.2927,-28.44,26.24,18.99,6,S02
10100,-12.33972,0.00958,2.97360,-41.4024,-0.3659,-93.8415,-28.44,26.24,18.99,6,S02
10120,-8.97586,-0.78051,2.99036,-22.0122,-5.7317,-79.0854,-24.59,28.72,19.91,6,S02
10140,-8.24324,-2.01831,3.32076,-5.6098,3.0488,-53.6585,-24.59,28.72,19.91,6,S02
10160,-8.24084,-1.85311,3.88340,-0.1829,3.3537,-24.0244,-24.59,28.72,19.91,6,S02
10180,-4.87459,-1.53947,3.74214,-0.6098,-16.7683,9.1463,-24.59,28.72,19.91,6,S02
10200,-0.22745,-2.53785,0.87388,9.8171,-29.7561,32.6220,-24.95,26.61,20.92,6,S02
10220,1.65918,-4.43406,-4.48195,34.5122,-18.8415,38.0488,-24.95,26.61,20.92,6,S02
10240,-4.09169,-0.93134,-0.45969,-6.4634,1.2195,16.3415,-24.95,26.61,20.92,6,S02
10260,-14.14734,4.05817,0.25379,-71.5244,-20.6098,1.3415,-21.83,25.50,23.94,6,S02
10280,-15.49527,0.01197,-2.81319,-52.1341,-21.7073,26.3415,-21.83,25.50,23.94,6,S02
10300,-10.89601,-4.88657,-2.88022,-56.5244,-27.9878,44.6341,-21.83,25.50,23.94,6,S02
10320,-7.30471,-5.38217,-3.81875,-52.4390,-38.1707,55.2439,-21.01,24.50,25.05,6,S02
10340,-8.15226,-1.71425,-3.96959,-34.4512,-10.4878,31.8902,-21.01,24.50,25.05,6,S02
10360,-9.35893,-0.18435,-2.90896,-11.2195,31.1585,0.3049,-21.01,24.50,25.05,6,S02
10380,-6.20817,1.20189,-0.77333,2.9878,29.9390,-21.6463,-21.01,24.50,25.05,6,S02
10400,-4.08690,1.90818,-0.63446,-4.8171,27.9268,-14.3293,-19.27,26.15,23.39,6,S02
10420,-4.29520,0.15562,1.24259,-1.5244,39.6951,-10.3659,-19.27,26.15,23.39,6,S02
10440,-7.04614,-2.54743,1.79086,16.0366,35.1220,-15.4268,-19.27,26.15,23.39,6,S02
10460,-10.96784,-1.30005,2.15239,30.0000,7.6220,-18.9634,-18.35,26.79,21.93,6,S02
10480,-10.82658,0.80924,0.26815,22.9878,-15.6707,-1.1585,-18.35,26.79,21.93,6,S02
10500,-8.04931,0.03352,-0.03112,6.1585,-19.9390,17.0732,-18.35,26.79,21.93,6,S02
10520,-8.33182,-1.86269,0.29449,5.4268,-25.4268,10.1220,-18.07,25.69,22.84,6,S02
10540,-10.52252,-2.27210,-0.06943,10.0000,-30.5488,-6.0366,-18.07,25.69,22.84,6,S02
10560,-11.99734,-2.07098,0.01437,7.8659,-26.0976,-8.5366,-18.07,25.69,22.84,6,S02
10580,-11.18571,-2.15478,0.11013,3.7805,-26.4024,-1.4634,-18.07,25.69,22.84,6,S02
10600,-10.69250,-2.69108,0.42856,2.1341,-29.8780,0.7317,-17.34,24.95,23.67,6,S02
10620,-11.48977,-3.05500,0.82121,4.6951,-27.3171,-1.7683,-17.34,24.95,23.67,6,S02
10640,-12.63420,-1.94888,1.20668,4.0244,-22.5610,-5.5488,-17.34,24.95,23.67,6,S02
10660,-12.19846,-1.10133,0.55545,-2.6829,-25.3659,-1.7683,-16.51,24.13,24.50,6,S02
10680,-11.63582,-2.01592,0.78051,-9.2683,-25.6098,7.5610,-16.51,24.13,24.50,6,S02
10700,-12.24874,-3.63919,1.86748,-8.9634,-23.4756,4.0854,-16.51,24.13,24.50,6,S02
10720,-13.59907,-2.40617,1.95606,-3.1098,-23.7805,-10.8537,-15.50,23.30,25.50,6,S02
10740,-13.74751,-0.34955,1.08218,-2.5610,-29.2073,-13.5976,-15.50,23.30,25.50,6,S02
10760,-12.80180,-0.55545,0.62489,-4.4512,-25.9756,-3.7195,-15.50,23.30,25.50,6,S02
10780,-12.13142,-2.03028,0.76854,0.1220,-14.5122,-1.7073,-15.50,23.30,25.50,6,S02
10800,-12.11227,-1.96564,0.55545,7.0122,-9.9390,-8.1707,-15.05,22.84,25.78,6,S02
10820,-11.86566,-0.75896,0.27533,4.9390,-8.9024,-8.6585,-15.05,22.84,25.78,6,S02
10840,-11.08515,-0.48842,0.25379,-7.3780,-11.0976,-1.6463,-15.05,22.84,25.78,6,S02
10860,-10.37647,-1.43892,0.63207,-17.8659,-11.8293,3.3537,-14.13,22.48,26.33,6,S02
10880,-10.28070,-2.23140,1.13725,-18.6585,-8.2317,1.3415,-14.13,22.48,26.33,6,S02
10900,-10.44590,-1.72143,1.16598,-15.4268,-4.2683,-3.2317,-14.13,22.48,26.33,6,S02
10920,-10.56322,-0.60573,0.97205,-19.3293,-1.5244,-3.0488,-13.39,22.48,26.70,6,S02
10940,-10.27831,-0.58897,0.95050,-28.2317,-0.3049,3.1707,-13.39,22.48,26.70,6,S02
10960,-9.84735,-1.49398,1.24977,-30.9146,-0.5488,8.4756,-13.39,22.48,26.70,6,S02
10980,-9.34457,-2.07338,1.56820,-26.0366,-2.6220,8.2927,-13.39,22.48,26.70,6,S02
11000,-9.24401,-1.52989,1.49398,-20.7927,-3.9634,5.8537,-12.84,22.29,27.16,6,S02
11020,-9.35175,-0.82121,1.29047,-19.1463,-6.0976,4.9390,-12.84,22.29,27.16,6,S02
11040,-9.22486,-0.77572,1.18752,-18.7805,-10.0000,6.2195,-12.84,22.29,27.16,6,S02
11060,-8.98304,-1.30245,1.26893,-16.4024,-13.2317,7.5000,-12.66,21.65,27.80,6,S02
11080,-8.94713,-1.54187,1.34794,-10.9756,-12.6220,6.8293,-12.66,21.65,27.80,6,S02
11100,-9.23204,-1.07260,1.31442,-6.5854,-12.0122,4.8780,-12.66,21.65,27.80,6,S02
11120,-9.44991,-0.56264,1.36230,-5.2439,-14.8171,4.2073,-12.57,21.10,28.26,6,S02
11140,-9.41400,-0.49799,1.45567,-5.1829,-18.2927,4.8171,-12.57,21.10,28.26,6,S02
11160,-9.34696,-0.70390,1.63285,-4.3902,-19.8171,4.5732,-12.57,21.10,28.26,6,S02
11180,-9.46667,-0.81403,1.77650,-1.4634,-20.5488,2.7439,-12.57,21.10,28.26,6,S02
11200,-9.48343,-0.73023,1.77889,2.0122,-21.8902,0.3659,-12.57,20.28,28.81,6,S02
11220,-9.47146,-0.45729,1.63763,4.1463,-22.5610,-1.7683,-12.57,20.28,28.81,6,S02
11240,-9.44991,-0.35913,1.64003,2.5610,-22.2561,-2.5000,-12.57,20.28,28.81,6,S02
11260,-9.46189,-0.54588,1.92494,-0.0610,-20.7317,-2.3171,-12.29,19.91,29.08,6,S02
11280,-9.61751,-0.82361,2.27210,-0.2439,-18.0488,-2.6829,-12.29,19.91,29.08,6,S02
11300,-9.78510,-0.87149,2.36308,1.6463,-15.6707,-3.6585,-12.29,19.91,29.08,6,S02
11320,-9.85214,-0.63925,2.31040,4.0244,-15.1220,-4.8780,-12.29,19.36,29.27,6,S02
11340,-9.97664,-0.35195,2.25534,4.9390,-17.6220,-6.2195,-12.29,19.36,29.27,6,S02
11360,-9.72046,-0.13168,2.26970,2.1341,-24.0244,-5.5488,-12.29,19.36,29.27,6,S02
11380,-9.18176,-0.31603,2.49476,-3.1707,-28.5976,-4.3902,-12.29,19.36,29.27,6,S02
11400,-9.21768,-0.89543,2.79164,-6.0976,-23.2927,-5.0610,-11.93,18.81,29.91,6,S02
11420,-9.62469,-1.11809,3.05500,-6.6463,-13.7195,-6.6463,-11.93,18.81,29.91,6,S02
11440,-9.62230,-0.99599,3.01669,-6.4024,-6.6463,-6.0976,-11.93,18.81,29.91,6,S02
11460,-9.48343,-0.66080,3.04064,-6.4634,-2.1951,-5.5488,-11.65,18.99,29.91,6,S02
11480,-9.33978,-0.34477,3.01191,-7.1951,1.8293,-4.7561,-11.65,18.99,29.91,6,S02
11500,-9.22965,-0.34716,3.05021,-8.5976,6.3415,-3.0488,-11.65,18.99,29.91,6,S02
11520,-9.11233,-0.88585,3.21062,-9.0854,10.0000,-2.3780,-11.38,19.63,29.63,6,S02
11540,-9.08121,-1.13725,3.19387,-7.4390,11.7683,-3.6585,-11.38,19.63,29.63,6,S02
11560,-9.05008,-0.80206,2.92332,-7.3171,11.4024,-4.6341,-11.38,19.63,29.63,6,S02
11580,-8.95192,-0.66319,2.64080,-9.3293,10.9756,-3.9634,-11.38,19.63,29.63,6,S02
11600,-8.91840,-0.91459,2.61207,-10.9756,11.0976,-2.5000,-11.10,20.09,29.36,6,S02
11620,-8.82982,-1.02711,2.64559,-10.7317,10.7317,-1.5244,-11.10,20.09,29.36,6,S02
11640,-8.82024,-0.93613,2.61207,-9.0854,10.4878,-1.6463,-11.10,20.09,29.36,6,S02
11660,-8.85855,-0.83558,2.55701,-7.3780,9.8780,-2.1341,-10.83,20.46,28.99,6,S02
11680,-8.89446,-0.89064,2.50673,-6.8902,8.9634,-2.3171,-10.83,20.46,28.99,6,S02
11700,-8.94713,-0.89064,2.39660,-7.5610,8.6585,-2.5000,-10.83,20.46,28.99,6,S02
11720,-9.25359,-1.05345,2.12845,-9.2683,10.6707,-2.9878,-10.55,21.01,28.62,6,S02
11740,-9.31105,-1.20668,1.90578,-9.5122,11.8902,-2.9268,-10.55,21.01,28.62,6,S02
11760,-9.37809,-1.30005,1.91536,-9.6341,14.8171,-3.1098,-10.55,21.01,28.62,6,S02
11780,-9.42597,-1.38864,2.02789,-9.6951,15.9146,-3.9024,-10.55,21.01,28.62,6,S02
11800,-9.43076,-1.34075,2.00874,-9.6341,13.5366,-4.5732,-10.18,21.74,28.26,6,S02
11820,-9.47625,-1.24498,1.92494,-9.8171,10.8537,-4.5732,-10.18,21.74,28.26,6,S02
11840,-9.47146,-1.17076,1.81720,-10.2439,9.8171,-4.1463,-10.18,21.74,28.26,6,S02
11860,-9.48822,-1.21386,1.80283,-10.4268,9.9390,-3.6585,-9.82,22.20,27.98,6,S02
11880,-9.46667,-1.30963,1.79565,-10.0000,9.6341,-3.3537,-9.82,22.20,27.98,6,S02
11900,-9.35893,-1.37667,1.76213,-9.0244,8.1707,-3.2927,-9.82,22.20,27.98,6,S02
11920,-9.25598,-1.33118,1.64960,-7.6220,6.5854,-3.7195,-9.54,22.48,27.80,6,S02
11940,-9.29190,-1.28329,1.61848,-6.5244,5.9146,-4.2683,-9.54,22.48,27.80,6,S02
11960,-9.33499,-1.30723,1.58975,-6.1585,5.9756,-4.3902,-9.54,22.48,27.80,6,S02
11980,-9.33739,-1.41497,1.59693,-5.8537,5.6098,-4.3293,-9.54,22.48,27.80,6,S02
12000,-9.31105,-1.47483,1.57299,-4.5732,4.3902,-4.4512,-9.17,22.75,27.61,6,S02
12020,-9.30147,-1.37427,1.53229,-3.9634,2.6829,-4.3293,-9.17,22.75,27.61,6,S02
12040,-9.31105,-1.36230,1.56102,-4.5732,1.2805,-3.7805,-9.17,22.75,27.61,6,S02
12060,-9.25120,-1.48201,1.63524,-5.1829,0.4878,-3.4146,-9.17,22.84,27.61,6,S02
12080,-9.23204,-1.51553,1.65200,-4.7561,0.1220,-3.4756,-9.17,22.84,27.61,6,S02
12100,-9.25838,-1.59693,1.67594,-3.9634,0.0000,-3.6585,-9.17,22.84,27.61,6,S02
12120,-9.23683,-1.67115,1.66397,-3.1098,-0.7317,-4.0854,-9.08,22.94,27.43,6,S02
12140,-9.30866,-1.58257,1.62327,-2.8659,-1.9512,-4.5732,-9.08,22.94,27.43,6,S02
12160,-9.34457,-1.57060,1.62806,-3.4756,-3.3537,-4.3902,-9.08,22.94,27.43,6,S02
12180,-9.34936,-1.71185,1.73101,-3.9634,-3.7805,-3.8415,-9.08,22.94,27.43,6,S02
12200,-9.27993,-1.72861,1.73340,-3.4146,-4.0854,-3.3537,-8.90,22.94,27.61,6,S02
12220,-9.26556,-1.57060,1.66876,-3.0488,-5.3049,-2.9878,-8.90,22.94,27.61,6,S02
12240,-9.29908,-1.53229,1.65679,-3.5976,-6.4024,-1.9512,-8.90,22.94,27.61,6,S02
12260,-9.27035,-1.61369,1.65439,-4.2683,-6.4024,-0.9756,-8.90,22.75,27.71,6,S02
12280,-9.23683,-1.65439,1.68552,-4.3902,-5.6707,-0.6707,-8.90,22.75,27.71,6,S02
12300,-9.24641,-1.64242,1.68312,-4.1463,-5.2439,-0.5488,-8.90,22.75,27.71,6,S02
12320,-9.24401,-1.61369,1.69988,-4.0244,-5.1220,-0.2439,-8.90,22.75,27.80,6,S02
12340,-9.21768,-1.60412,1.70707,-4.1463,-4.8780,0.0000,-8.90,22.75,27.80,6,S02
12360,-9.19373,-1.57299,1.71904,-4.3293,-4.1463,0.3049,-8.90,22.75,27.80,6,S02
12380,-9.21049,-1.53708,1.76453,-4.5122,-3.4756,0.8537,-8.90,22.75,27.80,6,S02
12400,-9.24401,-1.50835,1.78607,-4.6341,-3.2317,1.4024,-8.90,22.57,27.89,6,S02
12420,-9.23683,-1.52511,1.79565,-4.7561,-3.5366,2.1341,-8.90,22.57,27.89,6,S02
12440,-9.20092,-1.55623,1.83396,-4.5732,-3.7805,2.6829,-8.90,22.57,27.89,6,S02
12460,-9.18176,-1.48919,1.82917,-4.2683,-3.8415,3.0488,-8.90,22.48,27.89,6,S02
12480,-9.18895,-1.40061,1.81480,-4.8780,-3.3537,3.4756,-8.90,22.48,27.89,6,S02
12500,-9.23204,-1.41497,1.83875,-5.9146,-2.5000,3.9024,-8.90,22.48,27.89,6,S02
12520,-9.25598,-1.46286,1.85311,-6.2195,-2.0122,3.9634,-9.08,22.39,27.89,6,S02
12540,-9.26077,-1.43892,1.81959,-5.7927,-2.0122,3.8415,-9.08,22.39,27.89,6,S02
12560,-9.26317,-1.40540,1.80044,-5.3049,-2.3171,3.7805,-9.08,22.39,27.89,6,S02
12580,-9.26317,-1.36230,1.78129,-5.4268,-2.6829,3.9634,-9.08,22.39,27.89,6,S02
12600,-9.28232,-1.37667,1.78607,-6.0366,-2.8049,4.2683,-9.17,22.29,28.07,6,S02
12620,-9.28950,-1.44370,1.84354,-6.0976,-2.6829,4.1463,-9.17,22.29,28.07,6,S02
12640,-9.25838,-1.44370,1.84114,-5.2439,-2.6829,3.7805,-9.17,22.29,28.07,6,S02
12660,-9.25120,-1.39343,1.82917,-4.1463,-2.9878,3.2927,-9.17,22.20,28.17,6,S02
12680,-9.26796,-1.34794,1.81720,-3.6585,-3.4146,2.8049,-9.17,22.20,28.17,6,S02
12700,-9.26077,-1.32639,1.81720,-4.0244,-3.5976,2.6829,-9.17,22.20,28.17,6,S02
12720,-9.26317,-1.32160,1.85072,-4.3902,-3.5366,2.8049,-9.17,22.11,28.26,6,S02
12740,-9.24880,-1.32399,1.90339,-4.3293,-3.7805,2.9268,-9.17,22.11,28.26,6,S02
12760,-9.25838,-1.29287,1.92733,-3.8415,-3.7195,3.0488,-9.17,22.11,28.26,6,S02
12780,-9.27035,-1.26893,1.90100,-3.4756,-3.9024,3.1098,-9.17,22.11,28.26,6,S02
12800,-9.25120,-1.27372,1.88903,-3.4756,-4.2683,2.9878,-9.27,22.02,28.26,6,S02
12820,-9.26317,-1.28329,1.93212,-3.4756,-4.9390,2.5610,-9.27,22.02,28.26,6,S02
12840,-9.25838,-1.30005,1.96085,-3.1098,-5.6098,2.3171,-9.27,22.02,28.26,6,S02
12860,-9.22965,-1.26653,1.96085,-2.9268,-6.0976,2.1341,-9.36,21.65,28.35,6,S02
12880,-9.22246,-1.23062,1.95367,-3.2927,-6.2195,2.1341,-9.36,21.65,28.35,6,S02
12900,-9.23444,-1.24977,1.96085,-4.0244,-5.9146,2.1341,-9.36,21.65,28.35,6,S02
12920,-9.23204,-1.28329,1.98479,-4.2683,-5.6707,2.1951,-9.45,21.65,28.53,6,S02
12940,-9.22246,-1.27372,2.00395,-3.9024,-5.4268,2.1951,-9.45,21.65,28.53,6,S02
12960,-9.21049,-1.23301,1.98958,-3.6585,-5.3049,1.9512,-9.45,21.65,28.53,6,S02
12980,-9.21289,-1.22104,1.98479,-3.9634,-5.0610,1.7683,-9.45,21.65,28.53,6,S02
13000,-9.23204,-1.23062,2.01352,-4.4512,-4.7561,1.7073,-9.45,21.47,28.62,6,S02
13020,-9.22007,-1.23301,2.02789,-4.4512,-4.6341,1.7683,-9.45,21.47,28.62,6,S02
13040,-9.21049,-1.21386,2.04465,-4.0854,-4.5732,1.7073,-9.45,21.47,28.62,6,S02
13060,-9.18895,-1.17555,2.05183,-3.9634,-4.5122,1.3415,-9.36,21.38,28.81,6,S02
13080,-9.20810,-1.21147,2.06620,-4.2073,-4.3293,1.2195,-9.36,21.38,28.81,6,S02
13100,-9.24162,-1.23541,2.07098,-4.0244,-4.2073,1.0366,-9.36,21.38,28.81,6,S02
13120,-9.25120,-1.21386,2.08056,-3.9634,-4.3902,0.9756,-9.45,21.19,28.72,6,S02
13140,-9.22007,-1.23062,2.06859,-4.3293,-5.1829,1.1585,-9.45,21.19,28.72,6,S02
13160,-9.21289,-1.26414,2.09253,-4.9390,-5.8537,1.5854,-9.45,21.19,28.72,6,S02
13180,-9.18655,-1.26414,2.13563,-5.1220,-5.6707,1.7683,-9.45,21.19,28.72,6,S02
13200,-9.16500,-1.22104,2.14281,-4.6341,-4.8171,1.3415,-9.45,21.10,28.90,6,S02
13220,-9.16979,-1.17555,2.13084,-4.1463,-3.9024,0.9756,-9.45,21.10,28.90,6,S02
13240,-9.16979,-1.17076,2.15718,-4.2073,-3.3537,0.8537,-9.45,21.10,28.90,6,S02
13260,-9.16500,-1.21147,2.19788,-4.1463,-2.9878,0.7927,-9.45,20.92,28.99,6,S02
13280,-9.16740,-1.23062,2.19548,-3.7805,-2.6220,0.4878,-9.45,20.92,28.99,6,S02
13300,-9.18176,-1.21147,2.18351,-3.4146,-2.2561,0.1829,-9.45,20.92,28.99,6,S02
13320,-9.19613,-1.18513,2.18830,-3.5976,-2.2561,0.1220,-9.45,21.01,28.99,6,S02
13340,-9.22725,-1.18034,2.22421,-4.2683,-2.3780,0.3049,-9.45,21.01,28.99,6,S02
13360,-9.20331,-1.21865,2.21464,-4.4512,-2.2561,0.4268,-9.45,21.01,28.99,6,S02
13380,-9.14585,-1.23541,2.17872,-3.9634,-2.0732,0.3049,-9.45,21.01,28.99,6,S02
13400,-9.16022,-1.18274,2.16196,-3.6585,-1.7683,0.0000,-9.54,20.92,28.99,6,S02
13420,-9.21049,-1.15640,2.17633,-3.7195,-1.5854,-0.1829,-9.54,20.92,28.99,6,S02
13440,-9.20571,-1.21865,2.20506,-4.1463,-1.1585,-0.1220,-9.54,20.92,28.99,6,S02
13460,-9.18416,-1.28329,2.22182,-4.2683,-0.7317,-0.0610,-9.45,21.01,28.90,6,S02
13480,-9.17698,-1.27132,2.20506,-3.9024,-0.6098,-0.1220,-9.45,21.01,28.90,6,S02
13500,-9.18416,-1.21625,2.16436,-3.7805,-0.6098,-0.0610,-9.45,21.01,28.90,6,S02
13520,-9.19613,-1.22104,2.17872,-4.2683,-0.4878,0.1220,-9.45,21.10,28.90,6,S02
13540,-9.17219,-1.28808,2.19069,-4.5732,-0.2439,0.2439,-9.45,21.10,28.90,6,S02
13560,-9.15782,-1.30484,2.18351,-4.2073,0.0000,0.0000,-9.45,21.10,28.90,6,S02
13580,-9.18176,-1.26414,2.16915,-3.5976,0.1220,-0.1829,-9.45,21.10,28.90,6,S02
13600,-9.18176,-1.21625,2.16436,-3.7805,-0.0610,0.0000,-9.45,21.19,28.81,6,S02
13620,-9.18176,-1.24259,2.17154,-4.4512,-0.0610,0.4878,-9.45,21.19,28.81,6,S02
13640,-9.16740,-1.29287,2.18830,-4.8171,0.3049,0.6707,-9.45,21.19,28.81,6,S02
13660,-9.17698,-1.27132,2.18591,-4.6951,0.6707,0.5488,-9.45,21.10,28.81,6,S02
13680,-9.19134,-1.26893,2.16915,-4.2683,0.6098,0.3659,-9.45,21.10,28.81,6,S02
13700,-9.17458,-1.30484,2.15239,-4.1463,0.3049,0.3659,-9.45,21.10,28.81,6,S02
13720,-9.16500,-1.30005,2.13802,-4.2683,0.1829,0.4268,-9.54,21.28,28.72,6,S02
13740,-9.19852,-1.26414,2.13563,-4.5732,0.2439,0.3659,-9.54,21.28,28.72,6,S02
13760,-9.21289,-1.25935,2.12366,-4.6951,0.3049,0.4878,-9.54,21.28,28.72,6,S02
13780,-9.18416,-1.26174,2.10929,-4.6341,0.2439,0.5488,-9.54,21.28,28.72,6,S02
13800,-9.20331,-1.25935,2.10929,-4.6951,0.2439,0.5488,-9.36,21.38,28.72,6,S02
13820,-9.19373,-1.25935,2.10450,-4.6341,0.3659,0.6098,-9.36,21.38,28.72,6,S02
13840,-9.19134,-1.28329,2.09972,-4.3293,0.6707,0.7317,-9.36,21.38,28.72,6,S02
13860,-9.20571,-1.26893,2.08774,-3.9634,0.9146,0.7317,-9.36,21.47,28.62,6,S02
13880,-9.22246,-1.20907,2.09014,-4.0854,0.7927,0.8537,-9.36,21.47,28.62,6,S02
13900,-9.23683,-1.20668,2.07577,-4.6341,0.6707,1.1585,-9.36,21.47,28.62,6,S02
13920,-9.22007,-1.24738,2.04944,-5.1220,0.7927,1.4634,-9.27,21.47,28.53,6,S02
13940,-9.23683,-1.29766,2.04944,-4.9390,0.9146,1.5244,-9.27,21.47,28.53,6,S02
13960,-9.23922,-1.28808,2.03507,-4.3902,0.3659,1.3415,-9.27,21.47,28.53,6,S02
13980,-9.25120,-1.24259,2.07098,-4.2073,0.0610,1.0976,-9.27,21.47,28.53,6,S02
14000,-9.22246,-1.21865,2.04704,-4.3902,-0.1829,1.0366,-9.27,21.47,28.53,6,S02
14020,-9.20092,-1.19950,2.01592,-4.6951,-0.3049,1.0976,-9.27,21.47,28.53,6,S02
14040,-9.24880,-1.20907,2.02310,-4.9390,-0.4878,1.2195,-9.27,21.47,28.53,6,S02
14060,-9.26077,-1.26174,2.04225,-4.7561,-0.7927,1.2805,-9.45,21.47,28.53,6,S02
14080,-9.22725,-1.28329,2.03028,-4.3293,-0.9756,1.0976,-9.45,21.47,28.53,6,S02
14100,-9.20092,-1.24259,2.01113,-4.2073,-1.3415,0.9756,-9.45,21.47,28.53,6,S02
14120,-9.18895,-1.25217,2.00874,-4.4512,-1.5244,0.9146,-9.36,21.47,28.53,6,S02
14140,-9.19134,-1.24738,2.00634,-4.8171,-1.3415,0.8537,-9.36,21.47,28.53,6,S02
14160,-9.19852,-1.23301,2.01352,-5.1220,-1.0976,0.9146,-9.36,21.47,28.53,6,S02
14180,-9.18655,-1.20668,2.00874,-5.0000,-1.1585,1.0976,-9.36,21.47,28.53,6,S02
14200,-9.17937,-1.20428,1.98958,-4.8780,-1.1585,1.1585,-9.45,21.47,28.62,6,S02
14220,-9.21528,-1.21386,2.00634,-4.9390,-0.9756,1.2195,-9.45,21.47,28.62,6,S02
14240,-9.22246,-1.24498,2.02549,-5.0000,-1.0976,1.3415,-9.45,21.47,28.62,6,S02
14260,-9.20331,-1.27372,2.03268,-4.6951,-1.0976,1.2805,-9.36,21.47,28.53,6,S02
14280,-9.21049,-1.22583,2.01592,-4.3293,-1.0976,1.0366,-9.36,21.47,28.53,6,S02
14300,-9.24880,-1.20189,2.00634,-4.3293,-1.0976,0.9756,-9.36,21.47,28.53,6,S02
14320,-9.26556,-1.24020,2.01592,-4.5122,-1.0366,0.9146,-9.36,21.47,28.53,6,S02
14340,-9.24641,-1.24738,2.00874,-4.5732,-1.2195,0.8537,-9.36,21.47,28.53,6,S02
14360,-9.21528,-1.21386,1.99437,-4.3293,-1.4024,0.7927,-9.36,21.47,28.53,6,S02
14380,-9.22725,-1.23541,2.03028,-4.3293,-0.9756,0.7927,-9.36,21.47,28.53,6,S02
14400,-9.23444,-1.21386,2.01352,-4.2683,-0.9146,0.7317,-9.45,21.47,28.62,6,S02
14420,-9.23922,-1.17555,1.98958,-4.3902,-1.1585,0.7927,-9.45,21.47,28.62,6,S02
14440,-9.23922,-1.18752,1.98479,-4.5122,-1.3415,0.9146,-9.45,21.47,28.62,6,S02
14460,-9.22965,-1.20907,1.99916,-4.6341,-1.2195,0.8537,-9.36,21.47,28.53,6,S02
14480,-9.22965,-1.21865,2.01352,-4.6341,-1.0976,0.7927,-9.36,21.47,28.53,6,S02
14500,-9.22965,-1.22344,2.03028,-4.4512,-1.0976,0.7317,-9.36,21.47,28.53,6,S02
14520,-9.23922,-1.23301,2.00634,-4.1463,-1.1585,0.6707,-9.36,21.56,28.53,6,S02
14540,-9.21768,-1.22104,1.98000,-4.2683,-1.2195,0.7927,-9.36,21.56,28.53,6,S02
14560,-9.23683,-1.23301,1.99916,-4.5732,-1.4024,0.9146,-9.36,21.56,28.53,6,S02
14580,-9.23204,-1.21625,2.03268,-4.6951,-1.8293,0.9756,-9.36,21.56,28.53,6,S02
14600,-9.25598,-1.19710,2.03507,-4.5122,-1.8902,0.9756,-9.54,21.47,28.53,6,S02
14620,-9.23444,-1.18992,1.99198,-4.2073,-2.0122,0.9756,-9.54,21.47,28.53,6,S02
14640,-9.23204,-1.20428,1.99198,-4.2073,-2.0732,0.9146,-9.54,21.47,28.53,6,S02
14660,-9.23204,-1.22344,2.00395,-4.1463,-2.2561,0.8537,-9.45,21.38,28.53,6,S02
14680,-9.23444,-1.21147,1.99916,-4.0854,-2.3171,0.8537,-9.45,21.38,28.53,6,S02
14700,-9.22965,-1.19710,2.00874,-4.2073,-2.1951,0.9756,-9.45,21.38,28.53,6,S02
14720,-9.20571,-1.21386,2.00874,-4.5122,-2.3171,1.0976,-9.36,21.38,28.53,6,S02
14740,-9.18655,-1.23780,2.00634,-4.5732,-2.1951,1.0366,-9.36,21.38,28.53,6,S02
14760,-9.19134,-1.21386,2.01113,-4.4512,-1.9512,0.9756,-9.36,21.38,28.53,6,S02
14780,-9.21049,-1.19231,2.03028,-4.4512,-1.9512,0.9756,-9.36,21.38,28.53,6,S02
14800,-9.21289,-1.19231,2.02549,-4.5122,-2.0732,0.9756,-9.36,21.38,28.53,6,S02
14820,-9.21049,-1.19950,2.02549,-4.6341,-2.0732,0.9756,-9.36,21.38,28.53,6,S02
14840,-9.21289,-1.18992,2.02310,-4.7561,-2.0122,1.0366,-9.36,21.38,28.53,6,S02
14860,-9.21289,-1.20189,2.02789,-4.9390,-2.0732,1.2805,-9.36,21.28,28.62,6,S02
14880,-9.20810,-1.21386,2.04944,-5.0000,-2.0732,1.4634,-9.36,21.28,28.62,6,S02
14900,-9.21289,-1.18752,2.05183,-4.8780,-1.9512,1.4634,-9.36,21.28,28.62,6,S02
14920,-9.23922,-1.18274,2.03747,-4.6951,-1.8902,1.4024,-9.36,21.28,28.62,6,S02
14940,-9.24401,-1.18034,2.02310,-4.5732,-2.0732,1.2805,-9.36,21.28,28.62,6,S02
14960,-9.23683,-1.18513,2.02789,-4.7561,-2.2561,1.2805,-9.36,21.28,28.62,6,S02
14980,-9.22725,-1.16837,2.04225,-5.1220,-2.3171,1.4024,-9.36,21.28,28.62,6,S02
# DONE 750 samples in 15.0s
